==>>> use cuda
==>>> batch size: 20
==>>> total testing batch number: 50
 
---------------------------testing---------------------------
MSE values:
25.731,78.243,117.936,140.313,149.727,150.953,147.905,143.406,139.187,136.000,133.980,132.928,132.516,132.443,132.488,132.523,132.499,132.412,132.276,132.118, 
******Best MSE: 25.731
 
==>>> use cuda
==>>> batch size: 20
==>>> total testing batch number: 50
 
---------------------------testing---------------------------
MSE values:
25.731,78.243,117.936,140.313,149.727,150.953,147.905,143.406,139.187,136.000,133.980,132.928,132.516,132.443,132.488,132.522,132.499,132.412,132.276,132.118,131.955,131.803,131.671,131.558,131.463,131.380,131.308,131.244,131.186,131.135,131.088,131.046,131.006,130.969,130.934,130.904,130.876,130.850,130.826,130.803,130.780,130.759,130.739,130.721,130.706,130.692,130.679,130.667,130.654,130.641,130.629,130.617,130.606,130.596,130.587,130.578,130.570,130.563,130.557,130.551,130.545,130.540,130.535,130.529,130.523,130.518,130.513,130.508,130.503,130.499,130.496,130.493,130.490,130.488,130.486,130.483,130.481,130.479,130.477,130.475,130.473,130.470,130.468,130.466,130.464,130.462,130.460,130.458,130.455,130.453,130.450,130.448,130.445,130.443,130.441,130.438,130.436,130.434,130.432,130.431,130.429,130.428,130.427,130.426,130.425,130.424,130.424,130.423,130.422,130.421,130.421,130.421,130.420,130.420,130.420,130.420,130.420,130.420,130.420,130.420,130.420,130.419,130.419,130.419,130.418,130.417,130.416,130.415,130.415,130.414,130.413,130.412,130.411,130.410,130.409,130.408,130.408,130.407,130.406,130.406,130.405,130.405,130.404,130.403,130.403,130.402,130.401,130.401,130.400,130.400,130.399,130.399,130.399,130.399,130.398,130.398,130.398,130.397,130.397,130.396,130.396,130.396,130.395,130.395,130.395,130.394,130.394,130.394,130.393,130.393,130.393,130.392,130.392,130.392,130.392,130.392,130.391,130.392,130.392,130.392,130.392,130.392,130.392,130.392,130.392,130.392,130.392,130.392,130.392,130.392,130.392,130.392,130.391,130.391,130.391,130.391,130.391,130.390,130.390,130.389, 
******Best MSE: 25.731
 
==>>> use cuda
==>>> batch size: 20
==>>> total testing batch number: 50
 
---------------------------testing---------------------------
MSE values:
25.731,78.243,117.936,140.313,149.727,150.953,147.905,143.406,139.187,136.000,133.980,132.928,132.516,132.443,132.488,132.523,132.499,132.412,132.276,132.118,131.955,131.803,131.671,131.558,131.463,131.380,131.308,131.244,131.186,131.135,131.088,131.046,131.006,130.969,130.934,130.904,130.876,130.850,130.826,130.803,130.780,130.759,130.739,130.721,130.706,130.692,130.679,130.667,130.654,130.641,130.629,130.617,130.606,130.596,130.587,130.578,130.570,130.563,130.557,130.551,130.545,130.540,130.535,130.529,130.523,130.518,130.513,130.508,130.503,130.499,130.496,130.493,130.490,130.488,130.486,130.483,130.481,130.479,130.477,130.475,130.473,130.470,130.468,130.466,130.464,130.462,130.460,130.458,130.455,130.453,130.450,130.448,130.445,130.443,130.441,130.438,130.436,130.434,130.432,130.431,130.429,130.428,130.427,130.426,130.425,130.424,130.424,130.423,130.422,130.421,130.421,130.421,130.420,130.420,130.420,130.420,130.420,130.420,130.420,130.420,130.420,130.419,130.419,130.419,130.418,130.417,130.416,130.415,130.415,130.414,130.413,130.412,130.411,130.410,130.409,130.408,130.408,130.407,130.406,130.406,130.405,130.405,130.404,130.403,130.403,130.402,130.401,130.401,130.400,130.400,130.399,130.399,130.399,130.399,130.398,130.398,130.398,130.397,130.397,130.396,130.396,130.396,130.395,130.395,130.395,130.394,130.394,130.394,130.393,130.393,130.393,130.392,130.392,130.392,130.392,130.392,130.392,130.392,130.392,130.392,130.392,130.392,130.392,130.392,130.392,130.392,130.392,130.392,130.392,130.392,130.392,130.392,130.391,130.391,130.391,130.391,130.391,130.390,130.390,130.389, 
******Best MSE: 25.731
 
