==>>> use cuda
==>>> batch size: 20
==>>> total testing batch number: 50
 
---------------------------testing---------------------------
NMSE values:
2.409,1.498,0.883,0.525,0.319,0.190,0.104,0.048,0.015,-0.002,-0.012,-0.019,-0.023,-0.026,-0.026,-0.025,-0.022,-0.017,-0.012,-0.006, 
******Best NMSE: -0.026
 
==>>> use cuda
==>>> batch size: 20
==>>> total testing batch number: 50
 
---------------------------testing---------------------------
NMSE values:
2.409,1.498,0.883,0.525,0.319,0.190,0.104,0.048,0.015,-0.002,-0.012,-0.019,-0.023,-0.026,-0.026,-0.025,-0.022,-0.017,-0.012,-0.006,-0.000,0.005,0.011,0.017,0.022,0.027,0.033,0.038,0.043,0.049,0.054,0.059,0.065,0.070,0.075,0.080,0.085,0.089,0.094,0.099,0.103,0.108,0.112,0.116,0.120,0.124,0.128,0.132,0.136,0.139,0.143,0.146,0.149,0.153,0.156,0.159,0.161,0.164,0.167,0.169,0.172,0.174,0.176,0.178,0.180,0.182,0.184,0.186,0.188,0.190,0.191,0.193,0.194,0.196,0.198,0.199,0.201,0.202,0.203,0.205,0.206,0.208,0.209,0.210,0.212,0.213,0.214,0.215,0.217,0.218,0.219,0.220,0.221,0.222,0.224,0.225,0.226,0.227,0.228,0.229,0.230,0.231,0.232,0.233,0.234,0.235,0.236,0.237,0.237,0.238,0.239,0.240,0.241,0.241,0.242,0.243,0.243,0.244,0.245,0.245,0.246,0.246,0.247,0.247,0.248,0.248,0.249,0.249,0.250,0.250,0.251,0.251,0.252,0.252,0.253,0.253,0.254,0.254,0.255,0.255,0.256,0.256,0.257,0.257,0.258,0.258,0.259,0.259,0.260,0.260,0.261,0.261,0.262,0.262,0.263,0.263,0.264,0.264,0.264,0.265,0.265,0.266,0.266,0.266,0.267,0.267,0.267,0.267,0.268,0.268,0.268,0.269,0.269,0.269,0.269,0.270,0.270,0.270,0.271,0.271,0.271,0.271,0.272,0.272,0.272,0.273,0.273,0.273,0.274,0.274,0.274,0.275,0.275,0.275,0.276,0.276,0.276,0.277,0.277,0.277, 
******Best NMSE: -0.026
 
