==>>> use cuda
==>>> batch size: 20
==>>> total testing batch number: 50
 
---------------------------testing---------------------------
L2 norms of S(uk):
0.000,0.000,0.000,0.000,0.000,0.000,0.000,0.000,0.000,0.000,0.000,0.000,0.000,0.000,0.000,0.000,0.000,0.000,0.000,0.000, 
 
==>>> use cuda
==>>> batch size: 20
==>>> total testing batch number: 50
 
---------------------------testing---------------------------
L2 norms of S(uk):
0.000,0.000,0.000,0.000,0.000,0.000,0.000,0.000,0.000,0.000,0.000,0.000,0.000,0.000,0.000,0.000,0.000,0.000,0.000,0.000,0.000,0.000,0.000,0.000,0.000,0.000,0.000,0.000,0.000,0.000,0.000,0.000,0.000,0.000,0.000,0.000,0.000,0.000,0.000,0.000,0.000,0.000,0.000,0.000,0.000,0.000,0.000,0.000,0.000,0.000,0.000,0.000,0.000,0.000,0.000,0.000,0.000,0.000,0.000,0.000,0.000,0.000,0.000,0.000,0.000,0.000,0.000,0.000,0.000,0.000,0.000,0.000,0.000,0.000,0.000,0.000,0.000,0.000,0.000,0.000,0.000,0.000,0.000,0.000,0.000,0.000,0.000,0.000,0.000,0.000,0.000,0.000,0.000,0.000,0.000,0.000,0.000,0.000,0.000,0.000,0.000,0.000,0.000,0.000,0.000,0.000,0.000,0.000,0.000,0.000,0.000,0.000,0.000,0.000,0.000,0.000,0.000,0.000,0.000,0.000,0.000,0.000,0.000,0.000,0.000,0.000,0.000,0.000,0.000,0.000,0.000,0.000,0.000,0.000,0.000,0.000,0.000,0.000,0.000,0.000,0.000,0.000,0.000,0.000,0.000,0.000,0.000,0.000,0.000,0.000,0.000,0.000,0.000,0.000,0.000,0.000,0.000,0.000,0.000,0.000,0.000,0.000,0.000,0.000,0.000,0.000,0.000,0.000,0.000,0.000,0.000,0.000,0.000,0.000,0.000,0.000,0.000,0.000,0.000,0.000,0.000,0.000,0.000,0.000,0.000,0.000,0.000,0.000,0.000,0.000,0.000,0.000,0.000,0.000,0.000,0.000,0.000,0.000,0.000,0.000, 
 
==>>> use cuda
==>>> batch size: 20
==>>> total testing batch number: 50
 
---------------------------testing---------------------------
L2 norms of S(uk):
4362.397,4646.617,3420.203,2584.247,2083.437,1701.358,1406.447,1192.315,1038.970,923.128,829.523,751.557,686.361,632.091,586.086,546.399,511.613,480.527,452.901,428.111,405.751,385.499,366.980,350.127,334.768,320.625,307.410,295.248,284.082,273.787,264.220,255.146,246.489,238.268,230.572,223.362,216.610,210.244,204.226,198.524,193.036,187.734,182.685,177.954,173.509,169.279,165.208,161.282,157.493,153.846,150.286,146.797,143.411,140.200,137.177,134.291,131.498,128.773,126.084,123.477,120.969,118.549,116.227,114.045,111.990,110.042,108.159,106.321,104.503,102.689,100.905,99.162,97.448,95.773,94.152,92.588,91.098,89.665,88.290,86.951,85.622,84.309,83.014,81.734,80.479,79.265,78.086,76.948,75.855,74.808,73.787,72.790,71.806,70.835,69.881,68.955,68.052,67.183,66.350,65.541,64.754,63.982,63.215,62.457,61.722,61.009,60.307,59.615,58.926,58.237,57.552,56.865,56.182,55.505,54.838,54.182,53.536,52.911,52.304,51.722,51.159,50.611,50.077,49.555,49.037,48.522,48.015,47.518,47.032,46.556,46.091,45.634,45.194,44.765,44.347,43.935,43.526,43.120,42.721,42.330,41.944,41.565,41.185,40.802,40.421,40.043,39.666,39.297,38.935,38.581,38.235,37.893,37.556,37.222,36.889,36.556,36.228,35.910,35.603,35.305,35.014,34.733,34.460,34.194,33.933,33.677,33.426,33.179,32.935,32.692,32.448,32.201,31.949,31.696,31.443,31.191,30.943,30.702,30.467,30.240,30.017,29.801,29.595,29.392,29.189,28.988,28.788,28.588,28.387,28.184,27.979,27.771,27.562,27.354,27.148,26.945,26.747,26.554,26.366,26.182, 
 
